2046 7978
4532 7885
3495 7875
2561 7840
1738 7829
2744 7817
5764 7796
26 7734
806 7717
2410 7710
2946 7710
342 7682
3477 7644
4235 7601
2452 7597
5021 7592
3333 7567
984 7562
3331 7544
623 7543
4721 7539
4212 7532
4591 7529
1981 7493
2074 7483
2644 7454
3244 7426
4003 7426
2395 7423
4499 7401
5890 7340
457 7323
3314 7313
1773 7288
2998 7284
5771 7275
1310 7258
5274 7214
813 7197
4733 7188
211 7181
2454 7166
5014 7164
621 7145
5850 7138
2486 7111
757 7083
1233 7080
1756 7056
4086 7039
1549 7028
4218 7011
5982 7011
2833 7008
5760 6998
4724 6988
4193 6981
1084 6976
3050 6974
3154 6948
4464 6938
3227 6918
3371 6914
5300 6912
4500 6871
2408 6856
5103 6830
5681 6815
1961 6799
5709 6795
3102 6784
5970 6771
3175 6753
1464 6738
3680 6730
5492 6713
5745 6710
306 6685
2070 6684
1033 6674
2429 6661
5097 6618
225 6559
2015 6532
1049 6514
4379 6470
2650 6458
4501 6440
837 6433
5508 6428
40 6422
5834 6394
4729 6390
3751 6381
4004 6378
4053 6360
5045 6354
690 6333
4683 6294
4113 6263
5774 6215
5994 6212
4964 6155
815 6136
1887 6135
1516 6134
5949 6116
3746 6112
1326 6105
130 6088
4442 6063
456 6055
770 6041
1740 6035
3948 6031
232 6020
3944 6001
2277 5996
5880 5983
2100 5973
4730 5958
3765 5956
3973 5929
6210 5923
5450 5917
3581 5911
644 5907
4467 5889
3610 5877
5420 5843
5653 5832
5154 5809
5404 5801
913 5799
3792 5782
2270 5767
2452 5764
2100 5758
6723 5747
3428 5746
1007 5734
1885 5728
7377 5719
3690 5684
670 5683
1040 5679
4311 5668
847 5663
7081 5632
1035 5630
1979 5627
2030 5623
4629 5610
930 5600
4402 5596
2491 5564
3149 5563
5859 5557
1440 5557
5464 5554
232 5545
5391 5528
187 5513
6319 5507
24 5500
1481 5489
1271 5479
1745 5472
3517 5470
6221 5469
5012 5460
237 5456
4470 5424
7782 5422
1576 5420
2670 5415
3206 5414
4336 5414
7551 5405
5716 5395
757 5395
3343 5384
5027 5378
1327 5375
594 5372
3588 5360
899 5348
3017 5346
4884 5346
4296 5335
5471 5325
4038 5299
6474 5292
6083 5274
3063 5266
5733 5263
3949 5255
5743 5253
6657 5246
6746 5241
1908 5223
6081 5216
3847 5214
9 5213
2462 5209
3222 5209
2146 5201
2901 5188
6156 5175
4782 5174
303 5171
7634 5164
2419 5163
831 5159
6963 5153
4531 5152
84 5144
6697 5140
927 5139
6731 5136
6739 5130
175 5128
5263 5120
1255 5114
1937 5113
4285 5112
2190 5110
3242 5093
1717 5078
3788 5050
902 5047
2459 5046
590 5039
6804 5037
4936 5030
4457 5027
4207 5016
4613 5005
1622 4994
1496 4989
7084 4980
4573 4979
245 4978
1071 4976
6367 4976
4658 4971
1823 4959
3424 4948
1533 4942
5281 4938
2371 4935
1692 4932
6202 4924
3022 4915
2959 4893
3261 4893
2891 4892
6188 4888
6701 4887
4958 4886
3840 4879
4531 4879
4521 4877
4252 4868
199 4866
4868 4842
3742 4839
5093 4836
954 4836
7144 4834
697 4809
1511 4800
5938 4795
689 4787
5026 4784
5539 4782
3318 4778
204 4777
5229 4773
4943 4767
7499 4765
3725 4764
513 4754
755 4752
6248 4742
1832 4740
3155 4737
561 4724
4004 4722
2888 4712
2469 4689
5499 4676
875 4674
2669 4672
6141 4671
4755 4665
5826 4663
6427 4656
4554 4646
3281 4642
6195 4638
7203 4629
1193 4617
2285 4613
7920 4612
2079 4606
7059 4597
3287 4591
4073 4585
1915 4553
2259 4540
7738 4533
812 4531
7302 4531
2790 4529
2504 4523
7960 4495
1752 4476
698 4470
2857 4464
3139 4449
5153 4427
613 4408
1894 4407
6878 4402
2457 4402
1568 4401
5678 4392
990 4391
3141 4389
4468 4381
571 4355
7083 4337
795 4313
1741 4298
521 4294
5414 4281
4954 4276
22 4270
272 4263
1194 4256
4356 4237
1334 4204
6110 4178
3406 4178
5484 4168
7113 4166
6042 4164
5577 4158
4143 4154
1879 4127
942 4122
7057 4118
4579 4111
5613 4098
4328 4097
7674 4091
1762 4085
598 4079
1191 4072
7879 4037
2077 4033
5215 4019
4115 4013
5252 3993
3611 3980
3832 3976
2009 3974
2313 3971
1834 3968
1040 3967
3184 3965
35 3962
6097 3956
2962 3952
1354 3949
3115 3946
6364 3934
2142 3928
3143 3912
120 3912
4032 3907
4246 3906
4189 3902
3348 3897
3741 3891
4029 3885
5914 3876
299 3873
869 3853
4313 3849
175 3849
1984 3844
6820 3826
4598 3822
1491 3813
4367 3804
5892 3797
4199 3794
4619 3793
4164 3780
3918 3779
1775 3777
4400 3773
2691 3768
303 3756
5642 3753
2896 3752
6113 3750
431 3744
7158 3740
5730 3736
3699 3728
3080 3727
2412 3726
2367 3715
4732 3708
2124 3697
350 3694
5322 3691
2768 3688
3735 3678
2981 3670
7774 3664
4234 3662
3769 3650
2471 3628
4460 3627
843 3622
198 3619
5082 3609
5500 3605
653 3593
2531 3592
3266 3561
1259 3557
4866 3555
5899 3547
7784 3522
4403 3520
5238 3513
5190 3512
5208 3509
2946 3503
2076 3498
3315 3491
728 3489
509 3481
6376 3480
7586 3473
2109 3444
4817 3443
5545 3440
1932 3421
5514 3416
5034 3411
226 3410
112 3403
885 3392
1047 3387
6138 3384
1689 3382
1280 3374
2785 3356
680 3352
7360 3343
7044 3334
3560 3329
7565 3327
1208 3320
1214 3308
858 3303
6312 3295
2660 3274
1022 3257
643 3254
319 3250
3419 3239
6630 3237
68 3224
6429 3223
4605 3222
3708 3212
1314 3195
3734 3187
7536 3186
345 3185
1843 3183
3375 3170
5483 3167
6764 3166
867 3161
3622 3156
2452 3150
2593 3135
6389 3117
5755 3116
3768 3114
2785 3104
3263 3099
3799 3082
1524 3066
1088 3064
4613 3053
1015 3044
513 3034
1329 3030
3840 3024
4686 3023
1258 3022
293 3020
5900 3012
7378 3000
4311 2998
764 2991
2906 2989
1078 2977
5777 2972
837 2961
516 2960
1893 2948
1834 2946
3176 2926
4326 2907
6019 2906
1685 2903
2357 2902
1899 2902
1938 2900
3817 2899
4299 2889
1084 2888
332 2887
4544 2850
5543 2847
4575 2838
1249 2831
4988 2826
4071 2823
5389 2810
3071 2807
188 2807
4645 2804
2258 2797
5265 2787
5622 2777
5835 2767
781 2766
1803 2765
2367 2760
1905 2757
1145 2752
44 2746
2007 2744
1721 2737
3384 2732
4715 2725
1564 2718
2080 2714
31 2689
2201 2684
882 2681
1122 2672
2515 2670
533 2656
54 2652
3733 2652
6471 2652
3242 2643
6076 2642
5757 2640
1587 2640
7789 2639
5441 2630
7235 2628
1817 2625
7646 2617
4270 2613
15 2605
7890 2600
1965 2598
2010 2595
1211 2591
3244 2587
4965 2571
3805 2561
4591 2553
693 2552
732 2551
1165 2548
3118 2546
4562 2539
7938 2537
3289 2535
6070 2531
1296 2529
4411 2526
983 2525
859 2523
1768 2517
433 2509
4695 2506
1771 2504
6055 2496
5145 2494
3401 2489
3633 2478
549 2475
5203 2471
1398 2461
1865 2439
3444 2437
254 2421
3969 2417
3690 2410
5358 2403
3489 2397
3509 2392
6651 2379
4391 2376
4904 2375
4999 2354
4334 2347
2462 2341
266 2337
2496 2335
1730 2320
5510 2315
2543 2313
1231 2297
5440 2279
747 2274
797 2270
7054 2268
5968 2266
1502 2254
2424 2248
2043 2246
5744 2243
1217 2233
1325 2232
6995 2228
3939 2217
1795 2215
3300 2207
59 2195
1388 2183
540 2182
5497 2177
1456 2143
290 2137
2466 2135
807 2128
4565 2111
706 2101
5528 2098
927 2097
1212 2078
2276 2072
2490 2062
3770 2061
138 2057
3095 2048
5483 2038
1527 2026
7374 2025
7645 2023
2594 2014
851 2013
3416 2009
6792 2002
4924 1996
1245 1989
23 1984
4172 1978
1707 1978
7532 1966
476 1964
2866 1963
5330 1958
5335 1950
2004 1948
20 1937
4419 1922
7321 1921
3421 1920
1592 1920
850 1919
3635 1918
6535 1914
3066 1907
2910 1907
25 1903
97 1895
4552 1890
3482 1888
6068 1888
454 1885
62 1867
1747 1860
3976 1859
3962 1824
1717 1823
5337 1813
4735 1806
656 1799
3387 1793
7531 1792
7448 1789
1476 1788
1518 1787
5227 1784
1052 1782
5591 1769
5189 1769
3580 1766
4041 1765
6792 1758
1866 1754
6877 1750
7308 1748
7253 1732
215 1730
4405 1721
1546 1710
3777 1693
3397 1691
7038 1683
991 1683
2784 1681
5754 1675
7 1672
2149 1670
4288 1662
7428 1642
6520 1634
3773 1633
1990 1625
4021 1619
1618 1619
5072 1611
968 1604
3002 1561
1714 1553
5929 1550
5624 1542
1211 1537
1244 1532
1059 1532
3599 1527
508 1513
7408 1507
4267 1482
613 1466
3264 1443
2241 1433
5068 1423
893 1420
3161 1418
2492 1411
502 1403
2824 1388
1916 1380
690 1369
5779 1365
2255 1352
5599 1344
4346 1344
1795 1327
4835 1311
3266 1306
59 1290
193 1290
4805 1288
1080 1283
6320 1281
5522 1277
5119 1275
249 1275
1310 1264
41 1263
5307 1260
641 1257
558 1254
1578 1245
5509 1235
674 1226
238 1224
1049 1218
6726 1208
1002 1201
4118 1198
2295 1176
396 1166
3537 1156
930 1153
4724 1144
256 1126
1814 1114
5826 1110
907 1106
992 1104
1902 1100
1583 1097
4287 1096
4976 1096
3034 1096
5568 1095
433 1091
5831 1076
2507 1073
582 1053
7469 1050
4045 1050
1225 1049
2384 1045
6369 1043
675 1040
7763 1029
3194 1015
4329 1014
5906 1009
5507 997
900 996
2164 991
3215 987
7674 985
3462 972
3205 967
2068 952
5494 947
2853 944
341 928
5053 919
718 916
7017 905
2764 903
1285 902
4662 901
2284 888
7311 884
451 874
1948 869
2523 868
4572 857
961 849
6739 845
7252 844
729 832
972 824
4996 812
259 802
2811 782
4516 782
3273 782
3243 778
6183 775
1047 774
7505 766
1479 763
1337 754
1828 751
4760 745
4457 742
767 723
4233 719
928 706
1581 694
674 694
2596 678
2361 677
5991 663
4282 657
2249 647
3783 637
4168 618
3467 608
2639 606
893 603
2412 603
198 562
2725 546
4276 546
2407 540
3790 536
500 535
1528 530
7231 523
781 517
755 516
1213 515
1742 515
7668 513
3076 509
3933 508
6568 507
4539 500
7928 496
2830 495
5978 490
5239 488
285 486
5999 468
2703 452
943 450
1163 440
4509 427
2685 425
532 423
1423 416
2648 415
3184 412
7590 408
4502 398
27 398
2021 377
3465 370
4667 368
3999 365
5779 361
673 358
5791 358
2583 357
2810 349
5397 349
2491 349
2956 346
3217 335
203 330
5441 326
5060 324
4421 316
5923 316
978 303
2840 303
773 298
5840 296
1081 295
6353 295
5200 292
6874 288
2699 286
3151 285
982 285
5005 282
130 280
3177 277
2485 276
3947 261
5173 257
3400 251
3055 247
25 247
7632 235
1344 234
4164 227
199 221
7883 212
773 202
1958 191
2150 190
1718 183
6081 171
4800 170
1438 169
2739 168
4475 165
907 161
1901 160
6488 157
7001 156
4012 156
3183 144
6853 142
1478 141
3594 133
3017 131
1247 124
5047 123
2453 114
3581 110
67 106
7642 93
2014 93
6731 91
727 90
2380 87
3693 55
5969 52
5724 52
4643 51
5402 51
3941 41
2181 39
3547 39
38 38
1111 37
2039 24
3679 11
1766 9
