38 38
41 2108
2780 51
68 4824
2240 90
120 4258
1648 156
198 408
540 247
303 2043
2150 365
433 3627
476 508
590 4696
1519 678
773 2481
2046 874
982 215
2523 1096
1217 3434
2484 1344
1478 3369
2394 1619
1766 22
1789 1919
2079 2159
1132 2246
2419 4245
5960 2598
2784 3047
1505 2977
3176 1335
5767 3382
3594 2339
746 3813
4038 3292
1209 4270
4509 3729
1621 4754
5005 884
1518 5263
5528 755
1363 5799
6076 3343
693 6360
6651 2647
2740 6948
7252 1437
4736 7562
7879 175
217 202
532 1630
4414 868
1211 2569
2096 1561
1916 226
5727 2279
2648 599
74 3024
3406 921
5907 3794
4189 728
5688 4591
4999 19
4954 5414
5835 5259
936 6263
6697 1216
2868 7138
7586 2658
4284 39
500 4049
2417 967
1440 4924
34 1920
2407 5748
3601 2900
3400 57
3884 3906
4419 3082
3652 4938
5464 2825
3368 5996
6535 5284
2570 7080
7632 4459
4488 190
755 3120
355 1327
1905 1729
1707 2489
3080 5823
2543 3678
4282 3866
3328 4893
5510 1394
830 6134
6764 1638
1049 7401
44 4599
752 694
582 4277
405 1245
1915 672
5542 2591
3273 5783
1395 3962
4658 1611
5966 5360
6068 2924
1253 6784
7505 4186
5257 234
968 4932
5978 1710
2457 2395
3416 3212
3973 5807
3570 4740
5514 2704
3209 6294
7081 2317
2797 7875
675 4647
1869 1482
2295 462
3659 3114
3941 2226
2165 4773
5613 706
3387 6458
7311 4672
1327 170
1035 2586
1983 1907
2785 5984
5356 3670
4562 100
2214 5460
6364 2932
5021 7275
193 2481
1312 349
1280 4747
3552 2217
3161 3729
5277 4111
5068 2197
3719 6031
7001 613
4877 7978
961 1745
2753 1950
2946 2363
3344 3949
4958 5697
653 5973
6995 5748
3447 24
1059 2516
189 2101
3149 2001
2416 4204
5265 4202
4591 6333
7408 3120
252 488
1576 4755
4629 2670
3770 5874
5723 4877
5991 943
3534 7111
238 1496
4061 603
1742 1998
1306 2889
4041 1984
4035 5201
6367 4688
712 7539
718 4108
2875 1903
3095 245
1754 4294
5499 1867
582 6710
7928 3437
4895 1153
2384 1724
5924 3622
4866 5496
3671 6116
7374 3217
4134 637
1908 422
4082 3185
4468 344
3978 5758
7054 2983
592 357
899 2339
2690 2215
3537 4411
1504 4866
6202 3201
268 7544
893 1475
4516 2248
3610 5697
5482 4978
6353 637
3163 7734
1122 1061
330 2517
3918 4202
3445 5325
6739 4060
3278 160
1587 634
2594 3020
4460 5926
1860 5907
7360 1934
611 52
1518 659
2078 2991
4470 2100
262 5956
7448 3026
1162 947
2453 3901
4780 3965
5483 4261
5114 7008
540 1338
2165 2078
3622 4363
1933 5174
6731 873
1185 295
1866 100
386 3444
5027 2044
5072 6618
215 3472
475 1050
2660 4849
4595 4276
5899 2943
5431 7529
1165 522
2984 2807
4457 817
3254 6112
7774 1061
240 1443
3118 790
2711 4800
6488 3236
5131 183
1885 2398
1036 3593
5307 4277
2890 7028
755 2873
4228 1721
3462 954
2283 5209
6963 4984
3055 723
2490 2498
544 4263
6042 5961
749 7829
1622 2908
439 3421
5227 2573
78 7039
858 4954
2434 2684
4516 4052
4274 6354
199 5867
2831 1283
3141 4398
1337 5005
6877 2415
5328 754
2639 380
35 4529
6427 1061
3459 330
2241 1228
368 4158
6081 4111
3226 11
1948 3711
2800 3891
5840 28
1859 7796
991 5062
867 2960
4936 812
5360 6918
907 5279
569 2902
4904 463
4496 6912
927 1131
5139 2948
4976 1749
2498 7011
1052 1851
2575 3099
5153 4670
5368 7214
513 1437
1646 2587
4667 3690
3873 6753
847 2659
5584 2946
5053 1113
1245 7166
1285 5515
2390 3411
5543 635
251 7682
1828 1239
830 3980
6138 1792
4125 303
1707 1830
4137 3885
6070 1816
866 261
2459 1287
3080 4663
6874 3475
5242 1091
3315 2380
889 5545
7782 4001
5253 2026
4276 5108
3565 6532
27 163
1363 2297
4573 3934
1877 6856
1145 1191
5108 3440
5743 1164
1823 51
2367 1086
4488 4689
7017 493
3869 1352
3693 2616
2735 6041
396 1457
1549 1989
4356 3014
5849 6730
1111 1287
865 3498
5892 5046
4598 292
2699 2753
5048 5112
7532 5945
2214 1958
4391 3086
2097 6830
508 5712
4697 2961
5420 5054
782 7885
2357 1113
2815 4836
7321 5889
4334 1813
4311 1382
5801 6815
1327 5591
752 3844
6369 3285
4421 131
2669 928
4806 5213
7763 4056
1908 2320
4884 1132
1727 7454
2030 3693
1030 4613
7203 2971
283 1799
4402 4966
2252 7011
859 3677
3706 3481
6110 5105
1876 745
3387 3250
2763 6035
690 880
3599 3352
6019 4458
3920 694
3375 1521
958 6063
757 4533
3480 2689
5397 1030
5951 110
2830 244
5139 5557
290 2174
3812 3030
5777 821
2433 530
3289 2185
539 6055
59 265
1362 2838
5624 1062
4902 416
3215 1344
5158 6020
831 1575
2131 3650
6474 1291
1821 1306
4143 3723
4228 6988
1071 2872
119 3928
6792 4738
1959 1662
4539 3320
3284 7423
2313 4620
1326 5209
112 2636
5317 3022
5938 3369
2792 93
3022 3586
2984 5958
900 3752
5892 3849
6804 3404
2286 1766
4735 5771
4628 7710
2691 4856
3687 5679
674 657
2231 2907
5914 5176
723 928
3949 410
4701 6976
2010 4362
5395 5050
97 5030
2805 3150
6210 5184
2933 509
3581 5286
5777 6661
1747 4872
5338 4839
7938 1176
1616 3044
6156 196
3379 1275
4400 1933
5090 7532
1902 386
286 5047
198 1557
1431 3356
6520 5444
2061 1691
4868 48
5407 52
3243 137
5470 6440
875 174
2250 4085
7302 5697
1746 2525
5755 1936
728 991
4234 891
5658 7483
2739 2564
4073 6001
502 953
2437 3777
7059 2059
285 2347
5642 5882
850 944
4252 421
4132 7567
2888 446
4131 6215
781 419
846 4122
7469 5877
278 2823
6183 2051
2427 1550
4924 943
4061 303
3690 2551
5643 7083
1714 875
711 5120
533 1917
1727 3952
7377 5675
2227 2810
6248 151
5445 1693
5145 110
5379 603
3300 19
2030 6771
2249 5412
1398 5734
1225 1523
250 4722
226 349
5052 3736
7253 1893
3338 2009
5539 153
1572 1076
4619 1131
5292 169
3725 4825
5728 7288
2857 5235
2881 6433
1247 5131
2751 4836
431 4975
5338 4033
7642 4304
4641 3257
6878 350
661 2506
6141 5112
2166 1014
4662 591
3620 316
3976 4787
4558 7644
3318 5700
2213 6998
2685 3329
5817 6378
1310 3676
2906 5016
729 3507
2711 4449
175 3287
5233 3907
7646 2551
1240 3392
7144 4532
3196 2135
5900 3230
1868 1672
5450 4645
25 1235
5026 2777
4131 824
4629 3625
1722 440
3489 1190
2029 7313
3143 1472
5054 6981
2824 1238
4795 6674
2531 954
1252 6394
1496 154
427 5372
1255 2071
2318 5144
1040 704
3694 4942
851 2055
5019 4767
689 122
5828 3849
7784 906
3354 3726
7674 4406
830 3628
7590 1392
3789 3557
7531 4326
3466 2744
6731 745
2627 2725
6726 3113
1737 2732
6746 4965
3564 2766
6792 3534
2108 2057
6097 4820
136 2143
6195 2823
881 2254
6320 3542
1575 2392
6471 978
1753 1788
5880 3899
4649 1978
6083 769
4261 2195
6312 3124
590 2437
6568 5427
5635 1937
6081 1215
4166 2232
6389 5720
2645 2553
6723 941
609 2899
7083 4879
4521 2504
6701 5534
1919 2903
7113 2906
2033 3329
7551 5763
4864 3780
15 2568
4411 3489
7738 4858
676 3993
254 1097
5657 4523
797 2820
1355 5078
598 1261
2538 4892
1193 2418
3669 5500
1814 292
4285 6135
2462 882
1618 6795
2367 958
4900 6713
3066 982
1667 7426
3792 3723
1150 165
4544 5948
3350 161
4554 4891
5035 952
5358 3782
668 1769
6188 2158
5018 2613
7044 3250
2853 2714
7158 1060
637 3609
67 1586
3906 4531
1002 1597
3891 5479
1194 1556
593 5684
2181 1001
12 6684
3194 394
2147 7710
4233 5272
1000 763
4531 867
5337 1073
5622 2410
3623 2177
6739 3438
1393 3308
7883 1183
5113 3697
285 4413
2317 4879
1481 1592
2238 6088
2703 1487
4875 7323
3183 867
4230 7817
4457 196
301 1104
5757 5009
5089 2417
7084 539
593 2989
7668 4786
1583 4355
1047 5750
2521 5746
2452 3431
2944 7164
3115 3828
84 7840
4572 942
3172 1311
6055 773
5745 2807
7565 89
5035 3561
332 2121
1042 5110
1894 4102
2533 6685
3482 5568
3974 285
4328 3750
2131 1144
5968 4650
5772 2797
7634 2266
131 4476
558 2599
438 5414
2276 5648
230 7145
4021 2183
2739 903
5791 4666
1964 1918
6820 634
3907 3728
643 2551
2566 5564
2492 3952
709 7426
3599 2070
4802 546
5500 2905
2379 2461
7428 457
5905 4401
613 725
2916 5600
2593 478
2644 7592
4598 180
5088 1611
6630 2599
4249 2888
7920 4503
127 4959
2004 3123
4722 7056
4115 1692
33 412
5483 5746
829 2561
7645 516
1574 4737
1834 4003
1804 6938
3281 975
4750 398
5522 3896
4413 2652
7789 3534
793 4932
1314 2656
5890 6470
3633 1727
1703 802
5978 283
233 3161
350 1555
1480 4777
1979 5545
2212 7188
4403 251
2893 1625
6853 3674
3058 3320
561 3813
5940 5809
3063 669
2770 324
5591 243
5086 2097
7378 5300
4118 4665
1958 1075
2635 7258
4565 2798
1101 1110
6429 4007
2283 3756
1088 1931
183 6428
3773 2573
3567 358
5716 5931
3667 3082
454 7
3717 5832
3217 2799
3251 608
5238 5075
5502 2643
54 1301
4470 5472
2896 3011
155 326
4996 1438
1324 2439
7890 5814
2442 5346
2810 3674
277 280
4988 4251
3597 2471
7960 1545
865 5456
2959 1556
3618 468
5215 1051
3088 2737
266 496
5275 5801
3343 5425
4178 123
5678 4302
5798 3239
807 2665
4135 6381
3962 3744
1957 782
6376 1540
5727 3976
1583 2053
2982 7197
4817 5283
186 1675
7308 5229
2875 4948
2594 1892
2280 247
5906 1272
4402 2804
476 136
3241 6155
3840 1718
4797 1532
7231 3248
3070 4168
1879 4263
827 7597
5322 1994
4533 3053
23 2443
1723 5767
3517 5608
4863 1275
7038 5489
1487 4809
1817 2088
828 7601
5391 4172
2886 3187
990 204
1661 6799
3847 1721
3152 1670
7499 5954
1360 5335
3177 4137
2285 257
6113 1804
2694 3974
1843 2188
3052 7717
5599 5288
2896 2718
613 1874
5455 6514
4421 4408
4732 2335
256 3659
725 5415
3348 2395
5435 1288
7235 1079
862 5188
2380 5248
5006 346
6319 134
5866 4298
2284 3737
211 276
5507 4057
505 3512
1524 1093
284 7543
5568 846
2779 2831
869 3316
1991 6914
4965 5270
1152 3023
319 1174
2566 6390
4467 2562
3928 2551
641 3898
2008 6738
4073 4720
2803 2183
299 2258
3084 6422
4552 2513
3314 1920
62 5485
3028 6212
4367 5174
5459 2529
698 4347
1839 6105
4287 3469
3703 2475
670 2076
2284 6871
4311 632
350 2526
747 4672
4365 6974
5208 5429
5096 2681
928 135
5313 7181
5441 326
5478 3708
1213 1
5128 7493
5779 5625
1494 4072
2371 1966
3809 677
6221 1024
5609 4540
2866 5566
4126 1198
7536 825
2128 5113
3465 2033
78 1823
187 2726
745 6559
4168 135
897 2552
943 262
998 7340
5744 3105
583 3387
1803 2664
117 227
6657 1709
5136 5093
2768 702
872 1218
7674 2412
5324 6136
4605 3607
493 2313
795 1518
1147 7284
5779 2147
1750 4281
2021 2724
1837 536
7057 2785
