7960 4495
7938 2537
7928 496
7920 4612
7890 2600
7883 212
7879 4037
7789 2639
7784 3522
7782 5422
7774 3664
7763 1029
7738 4533
7674 4091
7674 985
7668 513
7646 2617
7645 2023
7642 93
7634 5164
7632 235
7590 408
7586 3473
7565 3327
7551 5405
7536 3186
7532 1966
7531 1792
7505 766
7499 4765
7469 1050
7448 1789
7428 1642
7408 1507
7378 3000
7377 5719
7374 2025
7360 3343
7321 1921
7311 884
7308 1748
7302 4531
7253 1732
7252 844
7235 2628
7231 523
7203 4629
7158 3740
7144 4834
7113 4166
7084 4980
7083 4337
7081 5632
7059 4597
7057 4118
7054 2268
7044 3334
7038 1683
7017 905
7001 156
6995 2228
6963 5153
6878 4402
6877 1750
6874 288
6853 142
6820 3826
6804 5037
6792 2002
6792 1758
6764 3166
6746 5241
6739 5130
6739 845
6731 5136
6731 91
6726 1208
6723 5747
6701 4887
6697 5140
6657 5246
6651 2379
6630 3237
6568 507
6535 1914
6520 1634
6488 157
6474 5292
6471 2652
6429 3223
6427 4656
6389 3117
6376 3480
6369 1043
6367 4976
6364 3934
6353 295
6320 1281
6319 5507
6312 3295
6248 4742
6221 5469
6210 5923
6202 4924
6195 4638
6188 4888
6183 775
6156 5175
6141 4671
6138 3384
6113 3750
6110 4178
6097 3956
6083 5274
6081 5216
6081 171
6076 2642
6070 2531
6068 1888
6055 2496
6042 4164
6019 2906
5999 468
5994 6212
5991 663
5982 7011
5978 490
5970 6771
5969 52
5968 2266
5949 6116
5938 4795
5929 1550
5923 316
5914 3876
5906 1009
5900 3012
5899 3547
5892 3797
5890 7340
5880 5983
5859 5557
5850 7138
5840 296
5835 2767
5834 6394
5831 1076
5826 1110
5826 4663
5791 358
5779 1365
5779 361
5777 2972
5774 6215
5771 7275
5764 7796
5760 6998
5757 2640
5755 3116
5754 1675
5745 6710
5744 2243
5743 5253
5733 5263
5730 3736
5724 52
5716 5395
5709 6795
5681 6815
5678 4392
5653 5832
5642 3753
5624 1542
5622 2777
5613 4098
5599 1344
5591 1769
5577 4158
5568 1095
5545 3440
5543 2847
5539 4782
5528 2098
5522 1277
5514 3416
5510 2315
5509 1235
5508 6428
5507 997
5500 3605
5499 4676
5497 2177
5494 947
5492 6713
5484 4168
5483 2038
5483 3167
5471 5325
5464 5554
5450 5917
5441 2630
5441 326
5440 2279
5420 5843
5414 4281
5404 5801
5402 51
5397 349
5391 5528
5389 2810
5358 2403
5337 1813
5335 1950
5330 1958
5322 3691
5307 1260
5300 6912
5281 4938
5274 7214
5265 2787
5263 5120
5252 3993
5239 488
5238 3513
5229 4773
5227 1784
5215 4019
5208 3509
5203 2471
5200 292
5190 3512
5189 1769
5173 257
5154 5809
5153 4427
5145 2494
5119 1275
5103 6830
5097 6618
5093 4836
5082 3609
5072 1611
5068 1423
5060 324
5053 919
5047 123
5045 6354
5034 3411
5027 5378
5026 4784
5021 7592
5014 7164
5012 5460
5005 282
4999 2354
4996 812
4988 2826
4976 1096
4965 2571
4964 6155
4958 4886
4954 4276
4943 4767
4936 5030
4924 1996
4904 2375
4884 5346
4868 4842
4866 3555
4835 1311
4817 3443
4805 1288
4800 170
4782 5174
4760 745
4755 4665
4735 1806
4733 7188
4732 3708
4730 5958
4729 6390
4724 1144
4724 6988
4721 7539
4715 2725
4695 2506
4686 3023
4683 6294
4667 368
4662 901
4658 4971
4645 2804
4643 51
4629 5610
4619 3793
4613 3053
4613 5005
4605 3222
4598 3822
4591 2553
4591 7529
4579 4111
4575 2838
4573 4979
4572 857
4565 2111
4562 2539
4554 4646
4552 1890
4544 2850
4539 500
4532 7885
4531 4879
4531 5152
4521 4877
4516 782
4509 427
4502 398
4501 6440
4500 6871
4499 7401
4475 165
4470 5424
4468 4381
4467 5889
4464 6938
4460 3627
4457 5027
4457 742
4442 6063
4421 316
4419 1922
4411 2526
4405 1721
4403 3520
4402 5596
4400 3773
4391 2376
4379 6470
4367 3804
4356 4237
4346 1344
4336 5414
4334 2347
4329 1014
4328 4097
4326 2907
4313 3849
4311 2998
4311 5668
4299 2889
4296 5335
4288 1662
4287 1096
4285 5112
4282 657
4276 546
4270 2613
4267 1482
4252 4868
4246 3906
4235 7601
4234 3662
4233 719
4218 7011
4212 7532
4207 5016
4199 3794
4193 6981
4189 3902
4172 1978
4168 618
4164 227
4164 3780
4143 4154
4118 1198
4115 4013
4113 6263
4086 7039
4073 4585
4071 2823
4053 6360
4045 1050
4041 1765
4038 5299
4032 3907
4029 3885
4021 1619
4012 156
4004 6378
4004 4722
4003 7426
3999 365
3976 1859
3973 5929
3969 2417
3962 1824
3949 5255
3948 6031
3947 261
3944 6001
3941 41
3939 2217
3933 508
3918 3779
3847 5214
3840 4879
3840 3024
3832 3976
3817 2899
3805 2561
3799 3082
3792 5782
3790 536
3788 5050
3783 637
3777 1693
3773 1633
3770 2061
3769 3650
3768 3114
3765 5956
3751 6381
3746 6112
3742 4839
3741 3891
3735 3678
3734 3187
3733 2652
3725 4764
3708 3212
3699 3728
3693 55
3690 5684
3690 2410
3680 6730
3679 11
3635 1918
3633 2478
3622 3156
3611 3980
3610 5877
3599 1527
3594 133
3588 5360
3581 5911
3581 110
3580 1766
3560 3329
3547 39
3537 1156
3517 5470
3509 2392
3495 7875
3489 2397
3482 1888
3477 7644
3467 608
3465 370
3462 972
3444 2437
3428 5746
3424 4948
3421 1920
3419 3239
3416 2009
3406 4178
3401 2489
3400 251
3397 1691
3387 1793
3384 2732
3375 3170
3371 6914
3348 3897
3343 5384
3333 7567
3331 7544
3318 4778
3315 3491
3314 7313
3300 2207
3289 2535
3287 4591
3281 4642
3273 782
3266 3561
3266 1306
3264 1443
3263 3099
3261 4893
3244 7426
3244 2587
3243 778
3242 5093
3242 2643
3227 6918
3222 5209
3217 335
3215 987
3206 5414
3205 967
3194 1015
3184 412
3184 3965
3183 144
3177 277
3176 2926
3175 6753
3161 1418
3155 4737
3154 6948
3151 285
3149 5563
3143 3912
3141 4389
3139 4449
3118 2546
3115 3946
3102 6784
3095 2048
3080 3727
3076 509
3071 2807
3066 1907
3063 5266
3055 247
3050 6974
3034 1096
3022 4915
3017 5346
3017 131
3002 1561
2998 7284
2981 3670
2962 3952
2959 4893
2956 346
2946 7710
2946 3503
2910 1907
2906 2989
2901 5188
2896 3752
2891 4892
2888 4712
2866 1963
2857 4464
2853 944
2840 303
2833 7008
2830 495
2824 1388
2811 782
2810 349
2790 4529
2785 3356
2785 3104
2784 1681
2768 3688
2764 903
2744 7817
2739 168
2725 546
2703 452
2699 286
2691 3768
2685 425
2670 5415
2669 4672
2660 3274
2650 6458
2648 415
2644 7454
2639 606
2596 678
2594 2014
2593 3135
2583 357
2561 7840
2543 2313
2531 3592
2523 868
2515 2670
2507 1073
2504 4523
2496 2335
2492 1411
2491 5564
2491 349
2490 2062
2486 7111
2485 276
2471 3628
2469 4689
2466 2135
2462 2341
2462 5209
2459 5046
2457 4402
2454 7166
2453 114
2452 7597
2452 5764
2452 3150
2429 6661
2424 2248
2419 5163
2412 3726
2412 603
2410 7710
2408 6856
2407 540
2395 7423
2384 1045
2380 87
2371 4935
2367 2760
2367 3715
2361 677
2357 2902
2313 3971
2295 1176
2285 4613
2284 888
2277 5996
2276 2072
2270 5767
2259 4540
2258 2797
2255 1352
2249 647
2241 1433
2201 2684
2190 5110
2181 39
2164 991
2150 190
2149 1670
2146 5201
2142 3928
2124 3697
2109 3444
2100 5758
2100 5973
2080 2714
2079 4606
2077 4033
2076 3498
2074 7483
2070 6684
2068 952
2046 7978
2043 2246
2039 24
2030 5623
2021 377
2015 6532
2014 93
2010 2595
2009 3974
2007 2744
2004 1948
1990 1625
1984 3844
1981 7493
1979 5627
1965 2598
1961 6799
1958 191
1948 869
1938 2900
1937 5113
1932 3421
1916 1380
1915 4553
1908 5223
1905 2757
1902 1100
1901 160
1899 2902
1894 4407
1893 2948
1887 6135
1885 5728
1879 4127
1866 1754
1865 2439
1843 3183
1834 3968
1834 2946
1832 4740
1828 751
1823 4959
1817 2625
1814 1114
1803 2765
1795 2215
1795 1327
1775 3777
1773 7288
1771 2504
1768 2517
1766 9
1762 4085
1756 7056
1752 4476
1747 1860
1745 5472
1742 515
1741 4298
1740 6035
1738 7829
1730 2320
1721 2737
1718 183
1717 1823
1717 5078
1714 1553
1707 1978
1692 4932
1689 3382
1685 2903
1622 4994
1618 1619
1592 1920
1587 2640
1583 1097
1581 694
1578 1245
1576 5420
1568 4401
1564 2718
1549 7028
1546 1710
1533 4942
1528 530
1527 2026
1524 3066
1518 1787
1516 6134
1511 4800
1502 2254
1496 4989
1491 3813
1481 5489
1479 763
1478 141
1476 1788
1464 6738
1456 2143
1440 5557
1438 169
1423 416
1398 2461
1388 2183
1354 3949
1344 234
1337 754
1334 4204
1329 3030
1327 5375
1326 6105
1325 2232
1314 3195
1310 7258
1310 1264
1296 2529
1285 902
1280 3374
1271 5479
1259 3557
1258 3022
1255 5114
1249 2831
1247 124
1245 1989
1244 1532
1233 7080
1231 2297
1225 1049
1217 2233
1214 3308
1213 515
1212 2078
1211 2591
1211 1537
1208 3320
1194 4256
1193 4617
1191 4072
1165 2548
1163 440
1145 2752
1122 2672
1111 37
1088 3064
1084 2888
1084 6976
1081 295
1080 1283
1078 2977
1071 4976
1059 1532
1052 1782
1049 1218
1049 6514
1047 3387
1047 774
1040 3967
1040 5679
1035 5630
1033 6674
1022 3257
1015 3044
1007 5734
1002 1201
992 1104
991 1683
990 4391
984 7562
983 2525
982 285
978 303
972 824
968 1604
961 849
954 4836
943 450
942 4122
930 5600
930 1153
928 706
927 2097
927 5139
913 5799
907 161
907 1106
902 5047
900 996
899 5348
893 603
893 1420
885 3392
882 2681
875 4674
869 3853
867 3161
859 2523
858 3303
851 2013
850 1919
847 5663
843 3622
837 6433
837 2961
831 5159
815 6136
813 7197
812 4531
807 2128
806 7717
797 2270
795 4313
781 2766
781 517
773 202
773 298
770 6041
767 723
764 2991
757 7083
757 5395
755 4752
755 516
747 2274
732 2551
729 832
728 3489
727 90
718 916
706 2101
698 4470
697 4809
693 2552
690 1369
690 6333
689 4787
680 3352
675 1040
674 1226
674 694
673 358
670 5683
656 1799
653 3593
644 5907
643 3254
641 1257
623 7543
621 7145
613 1466
613 4408
598 4079
594 5372
590 5039
582 1053
571 4355
561 4724
558 1254
549 2475
540 2182
533 2656
532 423
521 4294
516 2960
513 3034
513 4754
509 3481
508 1513
502 1403
500 535
476 1964
457 7323
456 6055
454 1885
451 874
433 1091
433 2509
431 3744
396 1166
350 3694
345 3185
342 7682
341 928
332 2887
319 3250
306 6685
303 3756
303 5171
299 3873
293 3020
290 2137
285 486
272 4263
266 2337
259 802
256 1126
254 2421
249 1275
245 4978
238 1224
237 5456
232 6020
232 5545
226 3410
225 6559
215 1730
211 7181
204 4777
203 330
199 221
199 4866
198 3619
198 562
193 1290
188 2807
187 5513
175 5128
175 3849
138 2057
130 280
130 6088
120 3912
112 3403
97 1895
84 5144
68 3224
67 106
62 1867
59 2195
59 1290
54 2652
44 2746
41 1263
40 6422
38 38
35 3962
31 2689
27 398
26 7734
25 1903
25 247
24 5500
23 1984
22 4270
20 1937
15 2605
9 5213
7 1672
